1	0
101	82
201	162
301	183
401	221
501	361
601	390
701	464
801	513
901	513
1001	574
1101	574
1201	610
1301	650
1401	650
1501	697
1601	697
1701	750
1801	750
1901	750
2001	750
2101	697
2201	750
2301	813
2401	813
2501	887
2601	887
2701	887
2801	887
2901	813
3001	887
3101	813
3201	813
3301	813
3401	976
3501	976
3601	976
3701	1084
3801	1084
3901	976
4001	887
4101	976
4201	976
4301	976
4401	1084
4501	976
4601	887
4701	976
4801	976
4901	976
5001	1084
5101	976
5201	1084
5301	1084
5401	1220
5501	1220
5601	1220
5701	1220
5801	1220
5901	1394
6001	1220
6101	1220
6201	1084
6301	1220
6401	1220
6501	1220
6601	1220
6701	1220
6801	1084
6901	1220
7001	1084
7101	1084
7201	1084
7301	1084
7401	1220
7501	1220
7601	1084
7701	1084
7801	1084
7901	1084
8001	1084
8101	1220
8201	1220
8301	1084
8401	1220
8501	1220
8601	1220
8701	1220
8801	1220
8901	1220
9001	1220
9101	1220
9201	1084
9301	1084
9401	1084
9501	1084
9601	1220
9701	1084
9801	1220
